 gameweek | locked_rank |   locked_tier    | overall_points_at_lock 
----------+-------------+------------------+------------------------
        3 |         238 | 1-10000          |                    237
        3 |         349 | 1-10000          |                    235
        3 |        2986 | 1-10000          |                    221
        3 |        4887 | 1-10000          |                    218
        3 |        5635 | 1-10000          |                    217
        3 |        5938 | 1-10000          |                    216
        3 |        7368 | 1-10000          |                    215
        3 |        7759 | 1-10000          |                    214
        3 |        9258 | 1-10000          |                    213
        3 |        9258 | 1-10000          |                    213
        3 |       13715 | 10001-50000      |                    210
        3 |       19267 | 10001-50000      |                    208
        3 |       19815 | 10001-50000      |                    207
        3 |       21889 | 10001-50000      |                    207
        3 |       23941 | 10001-50000      |                    206
        3 |       28383 | 10001-50000      |                    204
        3 |       30326 | 10001-50000      |                    204
        3 |       30326 | 10001-50000      |                    204
        3 |       33626 | 10001-50000      |                    204
        3 |       34509 | 10001-50000      |                    203
        3 |       36943 | 10001-50000      |                    203
        3 |       39144 | 10001-50000      |                    202
        3 |       39144 | 10001-50000      |                    202
        3 |       45244 | 10001-50000      |                    201
        3 |       45244 | 10001-50000      |                    201
        3 |       53292 | 50001-100000     |                    200
        3 |       54875 | 50001-100000     |                    200
        3 |       59408 | 50001-100000     |                    199
        3 |       59408 | 50001-100000     |                    199
        3 |       60842 | 50001-100000     |                    199
        3 |       62742 | 50001-100000     |                    198
        3 |       67395 | 50001-100000     |                    198
        3 |       69468 | 50001-100000     |                    197
        3 |       69468 | 50001-100000     |                    197
        3 |       69468 | 50001-100000     |                    197
        3 |       76491 | 50001-100000     |                    197
        3 |       78951 | 50001-100000     |                    197
        3 |       79184 | 50001-100000     |                    196
        3 |       79184 | 50001-100000     |                    196
        3 |       79184 | 50001-100000     |                    196
        3 |       87794 | 50001-100000     |                    195
        3 |       87794 | 50001-100000     |                    195
        3 |       97132 | 50001-100000     |                    194
        3 |       97132 | 50001-100000     |                    194
        3 |       97132 | 50001-100000     |                    194
        3 |      108213 | 100001-250000    |                    193
        3 |      113063 | 100001-250000    |                    193
        3 |      115890 | 100001-250000    |                    193
        3 |      125097 | 100001-250000    |                    192
        3 |      128085 | 100001-250000    |                    192
        3 |      147115 | 100001-250000    |                    190
        3 |      147115 | 100001-250000    |                    190
        3 |      153581 | 100001-250000    |                    190
        3 |      157466 | 100001-250000    |                    190
        3 |      157466 | 100001-250000    |                    190
        3 |      157466 | 100001-250000    |                    190
        3 |      163257 | 100001-250000    |                    189
        3 |      163257 | 100001-250000    |                    189
        3 |      163257 | 100001-250000    |                    189
        3 |      179646 | 100001-250000    |                    188
        3 |      190784 | 100001-250000    |                    188
        3 |      190784 | 100001-250000    |                    188
        3 |      197828 | 100001-250000    |                    187
        3 |      197828 | 100001-250000    |                    187
        3 |      205154 | 100001-250000    |                    187
        3 |      217281 | 100001-250000    |                    186
        3 |      229741 | 100001-250000    |                    186
        3 |      229741 | 100001-250000    |                    186
        3 |      238159 | 100001-250000    |                    185
        3 |      238159 | 100001-250000    |                    185
        3 |      238159 | 100001-250000    |                    185
        3 |      255479 | 250001-500000    |                    185
        3 |      262686 | 250001-500000    |                    185
        3 |      272771 | 250001-500000    |                    184
        3 |      287400 | 250001-500000    |                    184
        3 |      297223 | 250001-500000    |                    183
        3 |      297223 | 250001-500000    |                    183
        3 |      306328 | 250001-500000    |                    183
        3 |      306328 | 250001-500000    |                    183
        3 |      323092 | 250001-500000    |                    182
        3 |      323092 | 250001-500000    |                    182
        3 |      323092 | 250001-500000    |                    182
        3 |      332488 | 250001-500000    |                    182
        3 |      339166 | 250001-500000    |                    182
        3 |      339166 | 250001-500000    |                    182
        3 |      349559 | 250001-500000    |                    182
        3 |      350850 | 250001-500000    |                    181
        3 |      361010 | 250001-500000    |                    181
        3 |      361010 | 250001-500000    |                    181
        3 |      379002 | 250001-500000    |                    181
        3 |      380619 | 250001-500000    |                    180
        3 |      399469 | 250001-500000    |                    180
        3 |      413401 | 250001-500000    |                    179
        3 |      424955 | 250001-500000    |                    179
        3 |      424955 | 250001-500000    |                    179
        3 |      433251 | 250001-500000    |                    179
        3 |      460319 | 250001-500000    |                    178
        3 |      484010 | 250001-500000    |                    178
        3 |      485922 | 250001-500000    |                    177
        3 |      485922 | 250001-500000    |                    177
        3 |      507589 | 500001-1000000   |                    177
        3 |      507589 | 500001-1000000   |                    177
        3 |      507589 | 500001-1000000   |                    177
        3 |      537953 | 500001-1000000   |                    176
        3 |      547475 | 500001-1000000   |                    176
        3 |      566054 | 500001-1000000   |                    175
        3 |      591120 | 500001-1000000   |                    175
        3 |      591120 | 500001-1000000   |                    175
        3 |      591120 | 500001-1000000   |                    175
        3 |      591120 | 500001-1000000   |                    175
        3 |      591120 | 500001-1000000   |                    175
        3 |      637008 | 500001-1000000   |                    174
        3 |      685274 | 500001-1000000   |                    173
        3 |      685274 | 500001-1000000   |                    173
        3 |      685274 | 500001-1000000   |                    173
        3 |      708521 | 500001-1000000   |                    172
        3 |      724205 | 500001-1000000   |                    172
        3 |      790547 | 500001-1000000   |                    171
        3 |      790547 | 500001-1000000   |                    171
        3 |      790547 | 500001-1000000   |                    171
        3 |      790547 | 500001-1000000   |                    171
        3 |      817099 | 500001-1000000   |                    170
        3 |      850630 | 500001-1000000   |                    170
        3 |      850630 | 500001-1000000   |                    170
        3 |      850630 | 500001-1000000   |                    170
        3 |      879632 | 500001-1000000   |                    169
        3 |      898638 | 500001-1000000   |                    169
        3 |      913382 | 500001-1000000   |                    169
        3 |      913382 | 500001-1000000   |                    169
        3 |      913382 | 500001-1000000   |                    169
        3 |      939191 | 500001-1000000   |                    169
        3 |      939191 | 500001-1000000   |                    169
        3 |      943609 | 500001-1000000   |                    168
        3 |      943609 | 500001-1000000   |                    168
        3 |      963256 | 500001-1000000   |                    168
        3 |     1011088 | 1000001-1500000  |                    167
        3 |     1011088 | 1000001-1500000  |                    167
        3 |     1031472 | 1000001-1500000  |                    167
        3 |     1031472 | 1000001-1500000  |                    167
        3 |     1031472 | 1000001-1500000  |                    167
        3 |     1076781 | 1000001-1500000  |                    167
        3 |     1076781 | 1000001-1500000  |                    167
        3 |     1080694 | 1000001-1500000  |                    167
        3 |     1081993 | 1000001-1500000  |                    166
        3 |     1120753 | 1000001-1500000  |                    166
        3 |     1120753 | 1000001-1500000  |                    166
        3 |     1157599 | 1000001-1500000  |                    165
        3 |     1179237 | 1000001-1500000  |                    165
        3 |     1179237 | 1000001-1500000  |                    165
        3 |     1196392 | 1000001-1500000  |                    165
        3 |     1196392 | 1000001-1500000  |                    165
        3 |     1196392 | 1000001-1500000  |                    165
        3 |     1196392 | 1000001-1500000  |                    165
        3 |     1234345 | 1000001-1500000  |                    164
        3 |     1234345 | 1000001-1500000  |                    164
        3 |     1274893 | 1000001-1500000  |                    164
        3 |     1315245 | 1000001-1500000  |                    163
        3 |     1340583 | 1000001-1500000  |                    163
        3 |     1340583 | 1000001-1500000  |                    163
        3 |     1360084 | 1000001-1500000  |                    163
        3 |     1360084 | 1000001-1500000  |                    163
        3 |     1403563 | 1000001-1500000  |                    162
        3 |     1493049 | 1000001-1500000  |                    161
        3 |     1518070 | 1500001-2000000  |                    161
        3 |     1518070 | 1500001-2000000  |                    161
        3 |     1518070 | 1500001-2000000  |                    161
        3 |     1538509 | 1500001-2000000  |                    161
        3 |     1538509 | 1500001-2000000  |                    161
        3 |     1576787 | 1500001-2000000  |                    161
        3 |     1612305 | 1500001-2000000  |                    160
        3 |     1612305 | 1500001-2000000  |                    160
        3 |     1633697 | 1500001-2000000  |                    160
        3 |     1633697 | 1500001-2000000  |                    160
        3 |     1633697 | 1500001-2000000  |                    160
        3 |     1633697 | 1500001-2000000  |                    160
        3 |     1682505 | 1500001-2000000  |                    159
        3 |     1682505 | 1500001-2000000  |                    159
        3 |     1709898 | 1500001-2000000  |                    159
        3 |     1709898 | 1500001-2000000  |                    159
        3 |     1773203 | 1500001-2000000  |                    159
        3 |     1782322 | 1500001-2000000  |                    158
        3 |     1782322 | 1500001-2000000  |                    158
        3 |     1810799 | 1500001-2000000  |                    158
        3 |     1810799 | 1500001-2000000  |                    158
        3 |     1810799 | 1500001-2000000  |                    158
        3 |     1833309 | 1500001-2000000  |                    158
        3 |     1876667 | 1500001-2000000  |                    158
        3 |     1886318 | 1500001-2000000  |                    157
        3 |     1886318 | 1500001-2000000  |                    157
        3 |     1916082 | 1500001-2000000  |                    157
        3 |     1916082 | 1500001-2000000  |                    157
        3 |     1939221 | 1500001-2000000  |                    157
        3 |     1939221 | 1500001-2000000  |                    157
        3 |     1939221 | 1500001-2000000  |                    157
        3 |     1990520 | 1500001-2000000  |                    157
        3 |     1993612 | 1500001-2000000  |                    156
        3 |     2023897 | 2000001-2500000  |                    156
        3 |     2047622 | 2000001-2500000  |                    156
        3 |     2047622 | 2000001-2500000  |                    156
        3 |     2047622 | 2000001-2500000  |                    156
        3 |     2047622 | 2000001-2500000  |                    156
        3 |     2047622 | 2000001-2500000  |                    156
        3 |     2047622 | 2000001-2500000  |                    156
        3 |     2047622 | 2000001-2500000  |                    156
        3 |     2047622 | 2000001-2500000  |                    156
        3 |     2104504 | 2000001-2500000  |                    155
        3 |     2104504 | 2000001-2500000  |                    155
        3 |     2104504 | 2000001-2500000  |                    155
        3 |     2135258 | 2000001-2500000  |                    155
        3 |     2135258 | 2000001-2500000  |                    155
        3 |     2135258 | 2000001-2500000  |                    155
        3 |     2159433 | 2000001-2500000  |                    155
        3 |     2159433 | 2000001-2500000  |                    155
        3 |     2159433 | 2000001-2500000  |                    155
        3 |     2217360 | 2000001-2500000  |                    154
        3 |     2274392 | 2000001-2500000  |                    154
        3 |     2274392 | 2000001-2500000  |                    154
        3 |     2274392 | 2000001-2500000  |                    154
        3 |     2333865 | 2000001-2500000  |                    153
        3 |     2333865 | 2000001-2500000  |                    153
        3 |     2366378 | 2000001-2500000  |                    153
        3 |     2391733 | 2000001-2500000  |                    153
        3 |     2391733 | 2000001-2500000  |                    153
        3 |     2439917 | 2000001-2500000  |                    153
        3 |     2448702 | 2000001-2500000  |                    153
        3 |     2486068 | 2000001-2500000  |                    152
        3 |     2511810 | 2500001-3000000  |                    152
        3 |     2511810 | 2500001-3000000  |                    152
        3 |     2575440 | 2500001-3000000  |                    151
        3 |     2608698 | 2500001-3000000  |                    151
        3 |     2634781 | 2500001-3000000  |                    151
        3 |     2634781 | 2500001-3000000  |                    151
        3 |     2684926 | 2500001-3000000  |                    151
        3 |     2684926 | 2500001-3000000  |                    151
        3 |     2684926 | 2500001-3000000  |                    151
        3 |     2694486 | 2500001-3000000  |                    151
        3 |     2699096 | 2500001-3000000  |                    150
        3 |     2699096 | 2500001-3000000  |                    150
        3 |     2733216 | 2500001-3000000  |                    150
        3 |     2759411 | 2500001-3000000  |                    150
        3 |     2759411 | 2500001-3000000  |                    150
        3 |     2820041 | 2500001-3000000  |                    150
        3 |     2860052 | 2500001-3000000  |                    149
        3 |     2860052 | 2500001-3000000  |                    149
        3 |     2860052 | 2500001-3000000  |                    149
        3 |     2860052 | 2500001-3000000  |                    149
        3 |     2886902 | 2500001-3000000  |                    149
        3 |     2886902 | 2500001-3000000  |                    149
        3 |     2886902 | 2500001-3000000  |                    149
        3 |     2886902 | 2500001-3000000  |                    149
        3 |     2938085 | 2500001-3000000  |                    149
        3 |     2953631 | 2500001-3000000  |                    148
        3 |     2953631 | 2500001-3000000  |                    148
        3 |     2953631 | 2500001-3000000  |                    148
        3 |     2953631 | 2500001-3000000  |                    148
        3 |     2990144 | 2500001-3000000  |                    148
        3 |     3017204 | 3000001-3500000  |                    148
        3 |     3017204 | 3000001-3500000  |                    148
        3 |     3017204 | 3000001-3500000  |                    148
        3 |     3017204 | 3000001-3500000  |                    148
        3 |     3017204 | 3000001-3500000  |                    148
        3 |     3069066 | 3000001-3500000  |                    148
        3 |     3069066 | 3000001-3500000  |                    148
        3 |     3085412 | 3000001-3500000  |                    147
        3 |     3085412 | 3000001-3500000  |                    147
        3 |     3121056 | 3000001-3500000  |                    147
        3 |     3147853 | 3000001-3500000  |                    147
        3 |     3147853 | 3000001-3500000  |                    147
        3 |     3147853 | 3000001-3500000  |                    147
        3 |     3147853 | 3000001-3500000  |                    147
        3 |     3147853 | 3000001-3500000  |                    147
        3 |     3216457 | 3000001-3500000  |                    146
        3 |     3280561 | 3000001-3500000  |                    146
        3 |     3280561 | 3000001-3500000  |                    146
        3 |     3280561 | 3000001-3500000  |                    146
        3 |     3280561 | 3000001-3500000  |                    146
        3 |     3280561 | 3000001-3500000  |                    146
        3 |     3350390 | 3000001-3500000  |                    145
        3 |     3350390 | 3000001-3500000  |                    145
        3 |     3387173 | 3000001-3500000  |                    145
        3 |     3387173 | 3000001-3500000  |                    145
        3 |     3387173 | 3000001-3500000  |                    145
        3 |     3387173 | 3000001-3500000  |                    145
        3 |     3414679 | 3000001-3500000  |                    145
        3 |     3414679 | 3000001-3500000  |                    145
        3 |     3467180 | 3000001-3500000  |                    145
        3 |     3478642 | 3000001-3500000  |                    145
        3 |     3478642 | 3000001-3500000  |                    145
        3 |     3485337 | 3000001-3500000  |                    144
        3 |     3485337 | 3000001-3500000  |                    144
        3 |     3523841 | 3500001-4000000  |                    144
        3 |     3552044 | 3500001-4000000  |                    144
        3 |     3552044 | 3500001-4000000  |                    144
        3 |     3552044 | 3500001-4000000  |                    144
        3 |     3604870 | 3500001-4000000  |                    144
        3 |     3623510 | 3500001-4000000  |                    143
        3 |     3623510 | 3500001-4000000  |                    143
        3 |     3623510 | 3500001-4000000  |                    143
        3 |     3660838 | 3500001-4000000  |                    143
        3 |     3660838 | 3500001-4000000  |                    143
        3 |     3688491 | 3500001-4000000  |                    143
        3 |     3688491 | 3500001-4000000  |                    143
        3 |     3752611 | 3500001-4000000  |                    143
        3 |     3760048 | 3500001-4000000  |                    142
        3 |     3760048 | 3500001-4000000  |                    142
        3 |     3760048 | 3500001-4000000  |                    142
        3 |     3825543 | 3500001-4000000  |                    142
        3 |     3897610 | 3500001-4000000  |                    141
        3 |     3897610 | 3500001-4000000  |                    141
        3 |     3935556 | 3500001-4000000  |                    141
        3 |     3963137 | 3500001-4000000  |                    141
        3 |     3963137 | 3500001-4000000  |                    141
        3 |     3963137 | 3500001-4000000  |                    141
        3 |     3963137 | 3500001-4000000  |                    141
        3 |     3963137 | 3500001-4000000  |                    141
        3 |     3963137 | 3500001-4000000  |                    141
        3 |     3963137 | 3500001-4000000  |                    141
        3 |     4028301 | 4000001-4500000  |                    141
        3 |     4036372 | 4000001-4500000  |                    140
        3 |     4036372 | 4000001-4500000  |                    140
        3 |     4074952 | 4000001-4500000  |                    140
        3 |     4074952 | 4000001-4500000  |                    140
        3 |     4102631 | 4000001-4500000  |                    140
        3 |     4102631 | 4000001-4500000  |                    140
        3 |     4102631 | 4000001-4500000  |                    140
        3 |     4102631 | 4000001-4500000  |                    140
        3 |     4154576 | 4000001-4500000  |                    140
        3 |     4167344 | 4000001-4500000  |                    140
        3 |     4175839 | 4000001-4500000  |                    139
        3 |     4214421 | 4000001-4500000  |                    139
        3 |     4214421 | 4000001-4500000  |                    139
        3 |     4242041 | 4000001-4500000  |                    139
        3 |     4242041 | 4000001-4500000  |                    139
        3 |     4242041 | 4000001-4500000  |                    139
        3 |     4293924 | 4000001-4500000  |                    139
        3 |     4315669 | 4000001-4500000  |                    138
        3 |     4354482 | 4000001-4500000  |                    138
        3 |     4354482 | 4000001-4500000  |                    138
        3 |     4381610 | 4000001-4500000  |                    138
        3 |     4381610 | 4000001-4500000  |                    138
        3 |     4381610 | 4000001-4500000  |                    138
        3 |     4432357 | 4000001-4500000  |                    138
        3 |     4445198 | 4000001-4500000  |                    138
        3 |     4454659 | 4000001-4500000  |                    137
        3 |     4454659 | 4000001-4500000  |                    137
        3 |     4454659 | 4000001-4500000  |                    137
        3 |     4454659 | 4000001-4500000  |                    137
        3 |     4492880 | 4000001-4500000  |                    137
        3 |     4519672 | 4500001-5000000  |                    137
        3 |     4519672 | 4500001-5000000  |                    137
        3 |     4519672 | 4500001-5000000  |                    137
        3 |     4569479 | 4500001-5000000  |                    137
        3 |     4569479 | 4500001-5000000  |                    137
        3 |     4569479 | 4500001-5000000  |                    137
        3 |     4657828 | 4500001-5000000  |                    136
        3 |     4657828 | 4500001-5000000  |                    136
        3 |     4657828 | 4500001-5000000  |                    136
        3 |     4727730 | 4500001-5000000  |                    136
        3 |     4730255 | 4500001-5000000  |                    135
        3 |     4768687 | 4500001-5000000  |                    135
        3 |     4768687 | 4500001-5000000  |                    135
        3 |     4768687 | 4500001-5000000  |                    135
        3 |     4795255 | 4500001-5000000  |                    135
        3 |     4844365 | 4500001-5000000  |                    135
        3 |     4844365 | 4500001-5000000  |                    135
        3 |     4867948 | 4500001-5000000  |                    134
        3 |     4867948 | 4500001-5000000  |                    134
        3 |     4867948 | 4500001-5000000  |                    134
        3 |     4905919 | 4500001-5000000  |                    134
        3 |     4905919 | 4500001-5000000  |                    134
        3 |     4931949 | 4500001-5000000  |                    134
        3 |     4931949 | 4500001-5000000  |                    134
        3 |     4931949 | 4500001-5000000  |                    134
        3 |     4931949 | 4500001-5000000  |                    134
        3 |     4980212 | 4500001-5000000  |                    134
        3 |     5004356 | 5000001-5500000  |                    133
        3 |     5004356 | 5000001-5500000  |                    133
        3 |     5042594 | 5000001-5500000  |                    133
        3 |     5068737 | 5000001-5500000  |                    133
        3 |     5140063 | 5000001-5500000  |                    132
        3 |     5140063 | 5000001-5500000  |                    132
        3 |     5140063 | 5000001-5500000  |                    132
        3 |     5140063 | 5000001-5500000  |                    132
        3 |     5140063 | 5000001-5500000  |                    132
        3 |     5178760 | 5000001-5500000  |                    132
        3 |     5204121 | 5000001-5500000  |                    132
        3 |     5204121 | 5000001-5500000  |                    132
        3 |     5204121 | 5000001-5500000  |                    132
        3 |     5204121 | 5000001-5500000  |                    132
        3 |     5204121 | 5000001-5500000  |                    132
        3 |     5274753 | 5000001-5500000  |                    131
        3 |     5274753 | 5000001-5500000  |                    131
        3 |     5274753 | 5000001-5500000  |                    131
        3 |     5274753 | 5000001-5500000  |                    131
        3 |     5274753 | 5000001-5500000  |                    131
        3 |     5312679 | 5000001-5500000  |                    131
        3 |     5312679 | 5000001-5500000  |                    131
        3 |     5337650 | 5000001-5500000  |                    131
        3 |     5337650 | 5000001-5500000  |                    131
        3 |     5337650 | 5000001-5500000  |                    131
        3 |     5337650 | 5000001-5500000  |                    131
        3 |     5382872 | 5000001-5500000  |                    131
        3 |     5401755 | 5000001-5500000  |                    131
        3 |     5445294 | 5000001-5500000  |                    130
        3 |     5513820 | 5500001-6000000  |                    130
        3 |     5526938 | 5500001-6000000  |                    130
        3 |     5539095 | 5500001-6000000  |                    130
        3 |     5539145 | 5500001-6000000  |                    129
        3 |     5539145 | 5500001-6000000  |                    129
        3 |     5576442 | 5500001-6000000  |                    129
        3 |     5600054 | 5500001-6000000  |                    129
        3 |     5600054 | 5500001-6000000  |                    129
        3 |     5600054 | 5500001-6000000  |                    129
        3 |     5643231 | 5500001-6000000  |                    129
        3 |     5643231 | 5500001-6000000  |                    129
        3 |     5656128 | 5500001-6000000  |                    129
        3 |     5668596 | 5500001-6000000  |                    128
        3 |     5668596 | 5500001-6000000  |                    128
        3 |     5668596 | 5500001-6000000  |                    128
        3 |     5705135 | 5500001-6000000  |                    128
        3 |     5705135 | 5500001-6000000  |                    128
        3 |     5705135 | 5500001-6000000  |                    128
        3 |     5705135 | 5500001-6000000  |                    128
        3 |     5728420 | 5500001-6000000  |                    128
        3 |     5728420 | 5500001-6000000  |                    128
        3 |     5728420 | 5500001-6000000  |                    128
        3 |     5770115 | 5500001-6000000  |                    128
        3 |     5788765 | 5500001-6000000  |                    128
        3 |     5795835 | 5500001-6000000  |                    127
        3 |     5795835 | 5500001-6000000  |                    127
        3 |     5855408 | 5500001-6000000  |                    127
        3 |     5921549 | 5500001-6000000  |                    126
        3 |     5921549 | 5500001-6000000  |                    126
        3 |     5957256 | 5500001-6000000  |                    126
        3 |     5979540 | 5500001-6000000  |                    126
        3 |     5979540 | 5500001-6000000  |                    126
        3 |     5979540 | 5500001-6000000  |                    126
        3 |     5979540 | 5500001-6000000  |                    126
        3 |     5979540 | 5500001-6000000  |                    126
        3 |     6040203 | 6000001-6500000  |                    126
        3 |     6044612 | 6000001-6500000  |                    125
        3 |     6044612 | 6000001-6500000  |                    125
        3 |     6044612 | 6000001-6500000  |                    125
        3 |     6080375 | 6000001-6500000  |                    125
        3 |     6101788 | 6000001-6500000  |                    125
        3 |     6101788 | 6000001-6500000  |                    125
        3 |     6101788 | 6000001-6500000  |                    125
        3 |     6165698 | 6000001-6500000  |                    124
        3 |     6165698 | 6000001-6500000  |                    124
        3 |     6165698 | 6000001-6500000  |                    124
        3 |     6284806 | 6000001-6500000  |                    123
        3 |     6319894 | 6000001-6500000  |                    123
        3 |     6340266 | 6000001-6500000  |                    123
        3 |     6340266 | 6000001-6500000  |                    123
        3 |     6340266 | 6000001-6500000  |                    123
        3 |     6340266 | 6000001-6500000  |                    123
        3 |     6387649 | 6000001-6500000  |                    123
        3 |     6401883 | 6000001-6500000  |                    122
        3 |     6401883 | 6000001-6500000  |                    122
        3 |     6401883 | 6000001-6500000  |                    122
        3 |     6401883 | 6000001-6500000  |                    122
        3 |     6436448 | 6000001-6500000  |                    122
        3 |     6436448 | 6000001-6500000  |                    122
        3 |     6456155 | 6000001-6500000  |                    122
        3 |     6456155 | 6000001-6500000  |                    122
        3 |     6456155 | 6000001-6500000  |                    122
        3 |     6456155 | 6000001-6500000  |                    122
        3 |     6490311 | 6000001-6500000  |                    122
        3 |     6516373 | 6500001-7000000  |                    121
        3 |     6516373 | 6500001-7000000  |                    121
        3 |     6549983 | 6500001-7000000  |                    121
        3 |     6568852 | 6500001-7000000  |                    121
        3 |     6568852 | 6500001-7000000  |                    121
        3 |     6568852 | 6500001-7000000  |                    121
        3 |     6601521 | 6500001-7000000  |                    121
        3 |     6612646 | 6500001-7000000  |                    121
        3 |     6624001 | 6500001-7000000  |                    121
        3 |     6661142 | 6500001-7000000  |                    120
        3 |     6661142 | 6500001-7000000  |                    120
        3 |     6679541 | 6500001-7000000  |                    120
        3 |     6728044 | 6500001-7000000  |                    120
        3 |     6736803 | 6500001-7000000  |                    119
        3 |     6736803 | 6500001-7000000  |                    119
        3 |     6769877 | 6500001-7000000  |                    119
        3 |     6769877 | 6500001-7000000  |                    119
        3 |     6787755 | 6500001-7000000  |                    119
        3 |     6787755 | 6500001-7000000  |                    119
        3 |     6818216 | 6500001-7000000  |                    119
        3 |     6843686 | 6500001-7000000  |                    118
        3 |     6875965 | 6500001-7000000  |                    118
        3 |     6875965 | 6500001-7000000  |                    118
        3 |     6893026 | 6500001-7000000  |                    118
        3 |     6893026 | 6500001-7000000  |                    118
        3 |     6938110 | 6500001-7000000  |                    118
        3 |     6947317 | 6500001-7000000  |                    117
        3 |     6995575 | 6500001-7000000  |                    117
        3 |     6995575 | 6500001-7000000  |                    117
        3 |     7023100 | 7000001-7500000  |                    117
        3 |     7033270 | 7000001-7500000  |                    117
        3 |     7046653 | 7000001-7500000  |                    117
        3 |     7048344 | 7000001-7500000  |                    116
        3 |     7121353 | 7000001-7500000  |                    116
        3 |     7146055 | 7000001-7500000  |                    115
        3 |     7146055 | 7000001-7500000  |                    115
        3 |     7146055 | 7000001-7500000  |                    115
        3 |     7192028 | 7000001-7500000  |                    115
        3 |     7226130 | 7000001-7500000  |                    115
        3 |     7239290 | 7000001-7500000  |                    115
        3 |     7241228 | 7000001-7500000  |                    114
        3 |     7241228 | 7000001-7500000  |                    114
        3 |     7241228 | 7000001-7500000  |                    114
        3 |     7323713 | 7000001-7500000  |                    114
        3 |     7333366 | 7000001-7500000  |                    114
        3 |     7333589 | 7000001-7500000  |                    113
        3 |     7333589 | 7000001-7500000  |                    113
        3 |     7333589 | 7000001-7500000  |                    113
        3 |     7376828 | 7000001-7500000  |                    113
        3 |     7376828 | 7000001-7500000  |                    113
        3 |     7376828 | 7000001-7500000  |                    113
        3 |     7376828 | 7000001-7500000  |                    113
        3 |     7376828 | 7000001-7500000  |                    113
        3 |     7416166 | 7000001-7500000  |                    113
        3 |     7422866 | 7000001-7500000  |                    112
        3 |     7422866 | 7000001-7500000  |                    112
        3 |     7451782 | 7000001-7500000  |                    112
        3 |     7507672 | 7500001-8000000  |                    112
        3 |     7509848 | 7500001-8000000  |                    111
        3 |     7509848 | 7500001-8000000  |                    111
        3 |     7509848 | 7500001-8000000  |                    111
        3 |     7538263 | 7500001-8000000  |                    111
        3 |     7551070 | 7500001-8000000  |                    111
        3 |     7551070 | 7500001-8000000  |                    111
        3 |     7551070 | 7500001-8000000  |                    111
        3 |     7571461 | 7500001-8000000  |                    111
        3 |     7589458 | 7500001-8000000  |                    111
        3 |     7594284 | 7500001-8000000  |                    110
        3 |     7634118 | 7500001-8000000  |                    110
        3 |     7652984 | 7500001-8000000  |                    110
        3 |     7665258 | 7500001-8000000  |                    110
        3 |     7739807 | 7500001-8000000  |                    109
        3 |     7781592 | 7500001-8000000  |                    108
        3 |     7809319 | 7500001-8000000  |                    108
        3 |     7831050 | 7500001-8000000  |                    107
        3 |     7831050 | 7500001-8000000  |                    107
        3 |     7831050 | 7500001-8000000  |                    107
        3 |     7831050 | 7500001-8000000  |                    107
        3 |     7831050 | 7500001-8000000  |                    107
        3 |     7857288 | 7500001-8000000  |                    107
        3 |     7867949 | 7500001-8000000  |                    107
        3 |     7904259 | 7500001-8000000  |                    107
        3 |     7904809 | 7500001-8000000  |                    106
        3 |     7904809 | 7500001-8000000  |                    106
        3 |     7940524 | 7500001-8000000  |                    106
        3 |     7965388 | 7500001-8000000  |                    106
        3 |     7975650 | 7500001-8000000  |                    105
        3 |     7975650 | 7500001-8000000  |                    105
        3 |     8000654 | 8000001-8500000  |                    105
        3 |     8024129 | 8000001-8500000  |                    105
        3 |     8044043 | 8000001-8500000  |                    104
        3 |     8078083 | 8000001-8500000  |                    104
        3 |     8090708 | 8000001-8500000  |                    104
        3 |     8090708 | 8000001-8500000  |                    104
        3 |     8110270 | 8000001-8500000  |                    103
        3 |     8110270 | 8000001-8500000  |                    103
        3 |     8134400 | 8000001-8500000  |                    103
        3 |     8174205 | 8000001-8500000  |                    102
        3 |     8197710 | 8000001-8500000  |                    102
        3 |     8236407 | 8000001-8500000  |                    101
        3 |     8268217 | 8000001-8500000  |                    101
        3 |     8286678 | 8000001-8500000  |                    101
        3 |     8296477 | 8000001-8500000  |                    100
        3 |     8354225 | 8000001-8500000  |                     99
        3 |     8384319 | 8000001-8500000  |                     99
        3 |     8410038 | 8000001-8500000  |                     98
        3 |     8410038 | 8000001-8500000  |                     98
        3 |     8410038 | 8000001-8500000  |                     98
        3 |     8431740 | 8000001-8500000  |                     98
        3 |     8454218 | 8000001-8500000  |                     98
        3 |     8456352 | 8000001-8500000  |                     98
        3 |     8463925 | 8000001-8500000  |                     97
        3 |     8463925 | 8000001-8500000  |                     97
        3 |     8485261 | 8000001-8500000  |                     97
        3 |     8492453 | 8000001-8500000  |                     97
        3 |     8550263 | 8500001-9000000  |                     96
        3 |     8553636 | 8500001-9000000  |                     96
        3 |     8565557 | 8500001-9000000  |                     95
        3 |     8592896 | 8500001-9000000  |                     95
        3 |     8657643 | 8500001-9000000  |                     94
        3 |     8660715 | 8500001-9000000  |                     94
        3 |     8681078 | 8500001-9000000  |                     93
        3 |     8681078 | 8500001-9000000  |                     93
        3 |     8692974 | 8500001-9000000  |                     93
        3 |     8695746 | 8500001-9000000  |                     93
        3 |     8726324 | 8500001-9000000  |                     92
        3 |     8780733 | 8500001-9000000  |                     91
        3 |     8784982 | 8500001-9000000  |                     91
        3 |     8793436 | 8500001-9000000  |                     90
        3 |     8812254 | 8500001-9000000  |                     90
        3 |     8831790 | 8500001-9000000  |                     90
        3 |     8834681 | 8500001-9000000  |                     89
        3 |     8834681 | 8500001-9000000  |                     89
        3 |     8873372 | 8500001-9000000  |                     89
        3 |     8874592 | 8500001-9000000  |                     88
        3 |     8874592 | 8500001-9000000  |                     88
        3 |     8874592 | 8500001-9000000  |                     88
        3 |     8892824 | 8500001-9000000  |                     88
        3 |     8913969 | 8500001-9000000  |                     87
        3 |     8941005 | 8500001-9000000  |                     87
        3 |     8941005 | 8500001-9000000  |                     87
        3 |     8952141 | 8500001-9000000  |                     86
        3 |     8952141 | 8500001-9000000  |                     86
        3 |     8952141 | 8500001-9000000  |                     86
        3 |     8975708 | 8500001-9000000  |                     86
        3 |     8979056 | 8500001-9000000  |                     86
        3 |     8987897 | 8500001-9000000  |                     86
        3 |     9026036 | 9000001-9500000  |                     84
        3 |     9043449 | 9000001-9500000  |                     84
        3 |     9058548 | 9000001-9500000  |                     84
        3 |     9061585 | 9000001-9500000  |                     83
        3 |     9083872 | 9000001-9500000  |                     83
        3 |     9096171 | 9000001-9500000  |                     82
        3 |     9096171 | 9000001-9500000  |                     82
        3 |     9120728 | 9000001-9500000  |                     82
        3 |     9130100 | 9000001-9500000  |                     81
        3 |     9146825 | 9000001-9500000  |                     81
        3 |     9159677 | 9000001-9500000  |                     81
        3 |     9195490 | 9000001-9500000  |                     79
        3 |     9211923 | 9000001-9500000  |                     79
        3 |     9257948 | 9000001-9500000  |                     77
        3 |     9257948 | 9000001-9500000  |                     77
        3 |     9257948 | 9000001-9500000  |                     77
        3 |     9288770 | 9000001-9500000  |                     76
        3 |     9332981 | 9000001-9500000  |                     75
        3 |     9346565 | 9000001-9500000  |                     74
        3 |     9346565 | 9000001-9500000  |                     74
        3 |     9346565 | 9000001-9500000  |                     74
        3 |     9361187 | 9000001-9500000  |                     74
        3 |     9388887 | 9000001-9500000  |                     73
        3 |     9401663 | 9000001-9500000  |                     72
        3 |     9427651 | 9000001-9500000  |                     71
        3 |     9452698 | 9000001-9500000  |                     70
        3 |     9466398 | 9000001-9500000  |                     70
        3 |     9500971 | 9500001-10000000 |                     68
        3 |     9500971 | 9500001-10000000 |                     68
        3 |     9521365 | 9500001-10000000 |                     68
        3 |     9541013 | 9500001-10000000 |                     67
        3 |     9545002 | 9500001-10000000 |                     66
        3 |     9556100 | 9500001-10000000 |                     66
        3 |     9565925 | 9500001-10000000 |                     65
        3 |     9582364 | 9500001-10000000 |                     65
        3 |     9586636 | 9500001-10000000 |                     64
        3 |     9586636 | 9500001-10000000 |                     64
        3 |     9586636 | 9500001-10000000 |                     64
        3 |     9606024 | 9500001-10000000 |                     63
        3 |     9626120 | 9500001-10000000 |                     62
        3 |     9626120 | 9500001-10000000 |                     62
        3 |     9640377 | 9500001-10000000 |                     62
        3 |     9658031 | 9500001-10000000 |                     61
        3 |     9660075 | 9500001-10000000 |                     60
        3 |     9672073 | 9500001-10000000 |                     60
        3 |     9710588 | 9500001-10000000 |                     57
        3 |     9739243 | 9500001-10000000 |                     54
        3 |     9739243 | 9500001-10000000 |                     54
        3 |     9749686 | 9500001-10000000 |                     53
        3 |     9767385 | 9500001-10000000 |                     52
        3 |     9767535 | 9500001-10000000 |                     52
        3 |     9768624 | 9500001-10000000 |                     51
        3 |     9786594 | 9500001-10000000 |                     50
        3 |     9843990 | 9500001-10000000 |                     39
        3 |     9873721 | 9500001-10000000 |                     32
        3 |     9903180 | 9500001-10000000 |                     24
        3 |     9963951 | 9500001-10000000 |                     14
        3 |     9963951 | 9500001-10000000 |                     14
        3 |     9963951 | 9500001-10000000 |                     14
        3 |     9963951 | 9500001-10000000 |                     14
(675 rows)

